a: 1.102
b: 1.1022
x: 1.1021
f(x): 6.994323214243314e-06
e: 0.00018148820326676764
T01 = 1.1021, f0(T01) = 6.994323214243314e-06

 ==========================

a: 5.322
b: 5.324
x: 5.323
f(x): 4.698060874253063e-05
e: 0.0019999999999997797
T09 = 5.323, f0(T09) = 0.8000469806087426

tempSub: 4.2209
