A: 
[[ 20. -10.  -4.   1.   0.   0.]
 [-10.  25.  -5.   0.   1.   0.]
 [ -4.  -5.  20.   0.   0.   1.]]


==================== Modificando A ====================

A:
[[ 1.   -0.5  -0.2   0.05  0.    0.  ]
 [ 0.   20.   -7.    0.5   1.    0.  ]
 [ 0.   -7.   19.2   0.2   0.    1.  ]]


A:
[[ 1.    -0.5   -0.2    0.05   0.     0.   ]
 [ 0.     1.    -0.35   0.025  0.05   0.   ]
 [ 0.     0.    16.75   0.375  0.35   1.   ]]


A:
[[ 1.      -0.5      0.       0.05448  0.00418  0.01194]
 [ 0.       1.       0.       0.03284  0.05731  0.0209 ]
 [ 0.       0.       1.       0.02239  0.0209   0.0597 ]]


A:
[[1.      0.      0.      0.0709  0.03284 0.02239]
 [0.      1.      0.      0.03284 0.05731 0.0209 ]
 [0.      0.      1.      0.02239 0.0209  0.0597 ]]


==================== Testando Matriz ====================

Aqui deve aparecer uma matriz identidade:
[[ 1.  0.  0.]
 [ 0.  1. -0.]
 [ 0. -0.  1.]]


==================== Impressoes Finais ====================

Matriz Ai:
[[ 20. -10.  -4.]
 [-10.  25.  -5.]
 [ -4.  -5.  20.]]

Matriz Af:
[[0.07089552 0.03283582 0.02238806]
 [0.03283582 0.05731343 0.02089552]
 [0.02238806 0.02089552 0.05970149]]
